cam0:
  T_cam_imu:
  - [-0.9914907216346109, 0.01710739318719391, -0.12904838631620583, -0.047445476345557305]
  - [-0.129784663855597, -0.05296100122637904, 0.990126796615963, -0.0010089588598745404]
  - [0.010103956668931241, 0.9984500335256832, 0.05473061859867955, -0.09503442242393811]
  - [0.0, 0.0, 0.0, 1.0]
  cam_overlaps: []
  camera_model: pinhole
  distortion_coeffs: [0.34896512175105804, 0.2999239697653574, -1.326158265834977, 2.108710695879257]
  distortion_model: equidistant
  intrinsics: [614.4700168519444, 615.6965140473146, 333.4720656036732, 261.55841111056816]
  resolution: [640, 480]
  rostopic: /image_raw
  timeshift_cam_imu: -0.022073607573335652
