cam0:
  T_cam_imu:
  - [-0.9976878604556558, 0.016659990659243066, -0.06588913272040507, -0.052550665252390945]
  - [-0.0660594433667008, -0.009887284395066356, 0.9977667019646277, 0.021537960731184254]
  - [0.015971319341083562, 0.9998123255484113, 0.010964973323274405, -0.026807294187361844]
  - [0.0, 0.0, 0.0, 1.0]
  cam_overlaps: []
  camera_model: pinhole
  distortion_coeffs: [0.3677981048277441, 0.19305172321073713, -1.240963650312267, 2.3727469738317617]
  distortion_model: equidistant
  intrinsics: [639.0394208742191, 638.9031569019952, 325.57927556103937, 250.09594798573525]
  resolution: [640, 480]
  rostopic: /image_raw
  timeshift_cam_imu: -0.018597067704798534
