IMU.GyroNoise: 0.00011503473194962085
IMU.GyroWalk: 2.0398868158043806e-05
IMU.AccNoise: 0.0016541342577078063
IMU.AccWalk: 0.0002415541876746225
IMU.Frequency: 200.0
