cam0:
  T_cam_imu:
  - [-0.9940874343468034, 0.009474559677384677, -0.10816841310062628, -0.03179889097061202]
  - [-0.10832439436379249, -0.017880193241556486, 0.9939547898548305, 0.023718303335134888]
  - [0.007483211844230238, 0.9997952447419233, 0.01880080136404022, -0.07295915712539693]
  - [0.0, 0.0, 0.0, 1.0]
  cam_overlaps: []
  camera_model: pinhole
  distortion_coeffs: [0.3745435626304269, -0.02293992569348317, -0.22541090195346397, 0.6573723477371047]
  distortion_model: equidistant
  intrinsics: [625.6315882482209, 625.9187147928492, 322.36427990001454, 249.3383024153584]
  resolution: [640, 480]
  rostopic: /image_raw
  timeshift_cam_imu: 3.7365665562404238
