IMU.GyroNoise: 0.00011301288662456544
IMU.GyroWalk: 1.983585587271295e-05
IMU.AccNoise: 0.0016922433845750744
IMU.AccWalk: 0.00023311393011981888
IMU.Frequency: 200.0
